clearvars 

%%
data = [
0 4.58e-09 2.91e-09 2.5e-09 4.2e-10 4.2e-10 2.91e-09 6.25e-09
5 7.791e-08 5.625e-08 7.666e-08 3.6292e-07 8.875e-08 6.208e-08 6.333e-08
10 2.6208e-07 1.2583e-07 2.6791e-07 8.175e-07 4.5708e-07 1.3541e-07 1.5583e-07
15 2.37167e-06 6.3041e-07 5.1208e-07 1.34708e-06 5.7333e-07 2.1542e-07 2.5042e-07
20 1.23125e-06 3.05e-07 9.6625e-07 2.185e-06 5.5791e-07 4.3333e-07 3.7667e-07
25 1.49042e-06 5.9166e-07 1.66708e-06 2.37542e-06 8.9167e-07 5.3625e-07 5.2166e-07
30 1.975e-06 6.1792e-07 1.86625e-06 2.52417e-06 8.5625e-07 6.3458e-07 5.9542e-07
35 2.5975e-06 8.7541e-07 1.95667e-06 3.25959e-06 1.02e-06 7.6333e-07 7.1458e-07
40 2.97042e-06 9.5542e-07 1.96208e-06 3.11333e-06 1.07958e-06 8.0291e-07 1.03208e-06
45 4.00041e-06 2.9575e-06 4.12916e-06 5.28709e-06 2.4575e-06 1.91625e-06 1.37041e-06
50 8.22292e-06 1.46375e-06 4.64333e-06 5.98334e-06 2.51167e-06 2.40208e-06 1.59958e-06
55 9.59625e-06 1.675e-06 5.13417e-06 6.41583e-06 3.04542e-06 2.41917e-06 1.82083e-06
60 8.85792e-06 1.55834e-06 4.78291e-06 5.80541e-06 2.72e-06 2.21583e-06 1.7125e-06
65 9.99042e-06 1.76625e-06 5.45209e-06 6.44916e-06 2.97125e-06 2.605e-06 1.74667e-06
70 9.90667e-06 1.66958e-06 5.33583e-06 6.125e-06 2.72875e-06 2.335e-06 1.8125e-06
75 1.08837e-05 1.85291e-06 5.67791e-06 6.61583e-06 3.07625e-06 3.01583e-06 2.00792e-06
80 1.18729e-05 1.76875e-06 5.51708e-06 5.965e-06 2.77458e-06 2.33292e-06 1.91875e-06
85 1.13133e-05 2.03334e-06 6.06042e-06 6.4925e-06 2.89583e-06 2.77416e-06 2.2825e-06
90 1.22517e-05 2.12e-06 6.73042e-06 6.88834e-06 3.1225e-06 2.8825e-06 2.29208e-06
95 1.35979e-05 2.29708e-06 7.24458e-06 7.35334e-06 3.3125e-06 2.9125e-06 2.49458e-06
100 1.57571e-05 2.57541e-06 8.00291e-06 7.79375e-06 3.52375e-06 3.15167e-06 2.71917e-06
105 1.60113e-05 2.705e-06 8.5375e-06 8.16708e-06 3.74292e-06 3.26042e-06 3.02375e-06
110 1.68129e-05 3.08375e-06 9.33292e-06 8.38083e-06 3.96541e-06 3.48083e-06 3.27666e-06
115 1.81288e-05 3.18625e-06 9.945e-06 8.97083e-06 4.1775e-06 3.70917e-06 3.41791e-06
120 1.94417e-05 3.36167e-06 1.06775e-05 9.45209e-06 4.46792e-06 3.83917e-06 3.74583e-06
125 2.07667e-05 3.64209e-06 1.14196e-05 9.7225e-06 4.72417e-06 4.24583e-06 4.38375e-06
130 2.22592e-05 3.855e-06 1.22429e-05 1.05046e-05 4.91334e-06 4.30125e-06 4.17166e-06
135 2.3465e-05 4.18584e-06 1.30513e-05 1.09212e-05 5.15875e-06 4.3675e-06 4.61e-06
140 2.47983e-05 4.42708e-06 1.38321e-05 1.124e-05 5.39625e-06 4.57208e-06 4.78958e-06
145 2.62408e-05 4.59959e-06 1.47904e-05 1.18575e-05 5.53959e-06 4.89459e-06 5.05792e-06
150 2.7795e-05 4.9825e-06 1.555e-05 1.21733e-05 6.10083e-06 5.62375e-06 5.41792e-06
155 2.95867e-05 5.3275e-06 1.67004e-05 1.269e-05 6.035e-06 5.36583e-06 5.7325e-06
160 3.08983e-05 5.46458e-06 1.74042e-05 1.303e-05 6.29834e-06 5.52e-06 6.01083e-06
165 3.26042e-05 5.73666e-06 1.83904e-05 1.3495e-05 6.53792e-06 5.75334e-06 6.29709e-06
170 3.41921e-05 6.02583e-06 1.93058e-05 1.43462e-05 6.62125e-06 6.03125e-06 6.64166e-06
175 3.56383e-05 6.40667e-06 2.0375e-05 1.44779e-05 6.86209e-06 6.21292e-06 7.30917e-06
180 3.72917e-05 6.95041e-06 2.15771e-05 1.49246e-05 7.25125e-06 6.2875e-06 7.37625e-06
185 3.89513e-05 7.09792e-06 2.23517e-05 1.57571e-05 7.38625e-06 6.48458e-06 7.81e-06
190 4.08133e-05 7.39625e-06 2.35496e-05 1.5765e-05 7.63083e-06 6.68125e-06 8.14958e-06
195 4.25254e-05 7.73e-06 2.48483e-05 1.67804e-05 8.07833e-06 7.06959e-06 8.47292e-06
200 4.43821e-05 8.13042e-06 2.57633e-05 1.66317e-05 8.37042e-06 7.51208e-06 7.63625e-06
205 4.61462e-05 8.39292e-06 2.65242e-05 1.71579e-05 8.48583e-06 7.345e-06 7.70666e-06
210 4.775e-05 8.77917e-06 2.80462e-05 1.74221e-05 8.53542e-06 7.62167e-06 7.745e-06
215 4.99175e-05 9.15667e-06 2.92721e-05 1.78637e-05 8.86625e-06 7.66083e-06 8.02042e-06
220 5.16525e-05 9.53375e-06 3.05738e-05 1.94692e-05 9.23375e-06 7.97959e-06 8.23625e-06
225 5.36713e-05 9.99917e-06 3.183e-05 1.89479e-05 9.33167e-06 8.25708e-06 8.23666e-06
230 5.54554e-05 1.02292e-05 3.27904e-05 1.94962e-05 9.60708e-06 8.50625e-06 8.61833e-06
235 5.77271e-05 1.06858e-05 3.44883e-05 2.05075e-05 9.88917e-06 8.73292e-06 8.75792e-06
240 5.95071e-05 1.10996e-05 3.54829e-05 2.05e-05 1.01958e-05 8.83542e-06 9.0275e-06
245 6.25379e-05 1.14733e-05 3.67079e-05 2.08038e-05 1.07079e-05 9.49e-06 9.37708e-06
250 6.37838e-05 1.17642e-05 3.84629e-05 2.13517e-05 1.06108e-05 9.31e-06 9.46917e-06
255 6.5615e-05 1.24938e-05 3.96713e-05 2.19625e-05 1.08146e-05 9.595e-06 9.695e-06
260 6.80162e-05 1.27258e-05 4.09992e-05 2.26346e-05 1.10379e-05 9.92417e-06 1.00458e-05
265 7.06654e-05 1.31554e-05 4.29092e-05 2.33075e-05 1.13571e-05 1.01579e-05 1.03317e-05
270 7.25304e-05 1.36654e-05 4.43988e-05 2.38342e-05 1.19979e-05 1.02888e-05 1.04404e-05
275 7.51058e-05 1.46158e-05 4.63958e-05 2.41587e-05 1.18404e-05 1.04383e-05 1.06687e-05
280 7.71742e-05 1.46975e-05 4.72408e-05 2.43171e-05 1.21029e-05 1.06646e-05 1.0775e-05
285 8.11313e-05 1.51738e-05 4.87958e-05 2.47663e-05 1.23875e-05 1.11275e-05 1.10213e-05
290 8.20042e-05 1.54004e-05 5.04733e-05 2.58954e-05 1.26129e-05 1.12533e-05 1.13533e-05
295 8.49313e-05 1.62242e-05 5.29112e-05 2.59367e-05 1.28638e-05 1.13604e-05 1.14467e-05
300 8.69846e-05 1.63879e-05 5.27446e-05 2.65608e-05 1.31542e-05 1.14321e-05 1.17733e-05
305 8.91917e-05 1.68979e-05 5.56642e-05 2.69346e-05 1.33771e-05 1.17054e-05 1.19454e-05
310 9.11825e-05 1.77725e-05 5.72354e-05 2.72213e-05 1.36029e-05 1.20458e-05 1.22787e-05
315 9.45321e-05 1.78013e-05 5.83879e-05 2.7695e-05 1.40771e-05 1.22913e-05 1.24883e-05
320 9.62821e-05 1.85108e-05 5.98817e-05 2.80029e-05 1.39996e-05 1.23887e-05 1.2605e-05
325 9.95512e-05 1.92804e-05 6.15163e-05 2.85808e-05 1.43621e-05 1.26221e-05 1.2945e-05
330 0.000101644 1.92958e-05 6.39571e-05 2.901e-05 1.47783e-05 1.28442e-05 1.35304e-05
335 0.000105537 2.00529e-05 6.58363e-05 2.96692e-05 1.48737e-05 1.31325e-05 1.32642e-05
340 0.000106705 2.06208e-05 6.76283e-05 3.013e-05 1.52196e-05 1.3285e-05 1.36171e-05
345 0.000110025 2.11071e-05 6.99975e-05 3.06054e-05 1.53546e-05 1.37117e-05 1.38375e-05
350 0.000112132 2.19558e-05 7.08883e-05 3.05292e-05 1.57679e-05 1.39271e-05 1.47071e-05
355 0.000115531 2.20113e-05 7.31071e-05 3.10488e-05 1.60433e-05 1.41138e-05 1.43679e-05
360 0.000118354 2.25617e-05 7.60683e-05 3.1905e-05 1.63737e-05 1.41779e-05 1.45921e-05
365 0.0001207 2.31796e-05 7.74354e-05 3.25933e-05 1.648e-05 1.44029e-05 1.48221e-05
370 0.000123763 2.38658e-05 7.93162e-05 3.27317e-05 1.67387e-05 1.46204e-05 1.52129e-05
375 0.000130221 2.45067e-05 8.38983e-05 3.34042e-05 1.67429e-05 1.50329e-05 1.52788e-05
380 0.000130456 2.49829e-05 8.27017e-05 3.41125e-05 1.73192e-05 1.51292e-05 1.56671e-05
385 0.000133975 2.56429e-05 8.43212e-05 3.39637e-05 1.78229e-05 1.52804e-05 1.59846e-05
390 0.00013566 2.70042e-05 8.70333e-05 3.45758e-05 1.76517e-05 1.56563e-05 1.63446e-05
395 0.000138862 2.66821e-05 8.90067e-05 3.55946e-05 1.80812e-05 1.58725e-05 1.63654e-05
400 0.000141655 2.72833e-05 9.11188e-05 3.56621e-05 1.82504e-05 1.61521e-05 1.64542e-05
];

dim = data(:,1); % dimensione del vettore
tb = data(:,2); % tempi bubblesort
ti = data(:,3); % tempi insertionsort
ts = data(:,4); % tempi selectionsort
tm = data(:,5); % tempi mergesort
tq = data(:,6); % tempi quicksort
tstd = data(:,7); % tempi sort libreria standard
